463
484
503
520
534
541
541
537
532
523
514
461
429
428
439
454
467
477
485
491
495
497
498
497
496
497
497
496
494
493
491
491
490
487
485
482
480
480
479
480
481
481
482
484
484
485
490
500
518
551
588
634
682
725
756
777
785
776
753
722
682
638
592
549
513
475
443
415
394
378
368
363
365
371
384
405
427
450
474
496
515
529
538
541
541
538
530
519
507
494
482
471
462
454
448
444
440
437
438
439
442
447
451
455
461
469
476
483
488
492
493
494
494
494
495
494
494
493
491
491
490
488
487
487
489
498
518
548
589
628
671
711
742
761
766
757
735
703
664
622
577
534
500
463
432
407
388
374
367
365
367
376
392
410
432
456
478
498
517
530
539
545
545
539
531
520
506
493
481
470
461
453
448
444
444
444
445
448
452
455
459
463
468
473
479
482
485
488
490
491
493
494
495
494
492
489
487
486
487
488
491
499
517
547
586
622
664
703
732
749
754
743
719
687
649
606
562
520
485
450
421
397
380
370
364
363
369
378
391
408
430
453
475
495
512
526
536
540
540
537
531
520
509
497
485
476
466
459
453
450
448
446
449
450
453
456
460
464
468
473
478
483
488
492
495
497
498
498
498
497
496
494
494
491
489
489
489
490
499
518
550
590
627
668
704
729
741
737
723
697
662
623
580
537
500
465
433
407
386
373
368
366
369
376
387
403
420
440
461
479
495
511
522
529
534
533
529
523
516
508
498
489
481
474
468
463
459
457
456
456
457
460
463
466
470
474
476
481
485
488
491
494
495
495
495
494
493
493
494
493
494
495
496
501
514
538
572
606
644
679
706
718
719
708
687
656
619
578
537
504
467
435
410
391
377
370
371
375
383
395
409
425
442
460
479
497
512
524
533
538
539
536
529
521
512
503
493
484
476
470
466
463
460
459
461
463
466
469
471
475
478
481
485
488
490
490
493
494
495
495
497
498
500
502
503
505
511
524
549
582
611
646
678
700
710
707
696
672
640
604
564
526
494
459
429
404
388
378
376
378
383
392
405
420
435
451
468
484
502
516
526
534
537
537
534
530
522
512
503
494
486
480
475
471
467
464
464
466
468
469
471
473
476
479
483
486
487
489
491
492
493
494
496
496
497
501
512
531
559
587
623
655
681
695
699
690
671
646
616
581
547
516
483
453
428
408
393
385
382
383
390
399
410
424
439
456
473
491
507
518
528
534
535
534
529
521
514
505
498
490
485
480
475
473
472
472
473
474
475
475
477
479
